2800202
3318642
5265211
2808041
945260
5058840
4077510
4174782
4396212
2837290
3919100
5497212
4761142
3427740
2426951
1640440
1637611
2206291
2791291
3231822
5052260
2906521
2894601
890870
370300
5656841
1842631
1574351
3893920
1570201
4582082
4518360
1018202
5424440
186610
3807522
2789071
5702251
5614751
1553640
3552910
5744631
3975932
2423502
4501101
565490
508271
588011
3788462
48911
883772
3830472
4083031
4041590
8212
2994172
3937302
1247230
4161150
2733372
1190022
4765751
206922
3933622
5284932
1955832
2009462
5154300
4869602
1919130
2978442
4345872
2554022
1680010
5780372
4625172
5321310
2247941
2760642
2757752
1922952
1870900
3398622
3421831
297161
2795110
4001072
1962861
140251
2761620
4003981
3783230
4420892
5559110
3665981
1273240
3194121
4059640
2174942
4048280
3955921
5708562
3242610
1761061
4420800
3643852
2388580
4087180
5615912
4421542
1324471
4665491
1752701
1514932
563132
3081031
1606241
5617151
5599662
3921982
2535220
4711561
3279881
509131
5500492
4746142